0003-066        00 06 13.8930 -06 23 35.3350 0 0 2000 UNKNOWN 0 MarkGurwell
0003-066        00 06 13.8930 -06 23 35.3350 0 0 2000 UNKNOWN 0 MarkGurwell
0004+240        00 06 48.7893 +24 22 36.3920 0 0 2000 UNKNOWN 0 NRAO
0005+383        00 05 57.1750 +38 20 15.1480 0 0 2000 UNKNOWN 0 Shigechan
0006+243        00 06 48.7893 +24 22 36.3920 0 0 2000 UNKNOWN 0 NRAO
0006-063        00 06 13.8930 -06 23 35.3350 0 0 2000 UNKNOWN 0 MarkGurwell
0007+106        00 10 31.0060 +10 58 29.5030 0 0 2000 UNKNOWN 0 MarkGurwell
0010+109        00 10 31.0060 +10 58 29.5030 0 0 2000 UNKNOWN 0 MarkGurwell
0013+408        00 13 31.1300 +40 51 37.1430 0 0 2000 UNKNOWN 0 Shigechan
0014+612        00 14 48.8150 +61 17 43.8520 0 0 2000 UNKNOWN 0 Shigechan
0017+200        00 19 37.8545 +20 21 45.6440 0 0 2000 UNKNOWN 0 NRAO
0017+257        00 19 39.7805 +26 02 52.2780 0 0 2000 UNKNOWN 0 NRAO
0019+203        00 19 37.8545 +20 21 45.6440 0 0 2000 UNKNOWN 0 NRAO
0019+260        00 19 39.7805 +26 02 52.2780 0 0 2000 UNKNOWN 0 NRAO
0019+734        00 19 45.7860 +73 27 30.0170 0 0 2000 UNKNOWN 0 Shigechan
0019-000        00 22 25.4259 +00 14 56.1610 0 0 2000 UNKNOWN 0 NRAO
0022+002        00 22 25.4259 +00 14 56.1610 0 0 2000 UNKNOWN 0 NRAO
0032+276        00 34 43.4861 +27 54 25.7210 0 0 2000 UNKNOWN 0 NRAO
0034+279        00 34 43.4861 +27 54 25.7210 0 0 2000 UNKNOWN 0 NRAO
0048-071        00 51 08.2097 -06 50 02.2280 0 0 2000 UNKNOWN 0 NRAO
0048-097        00 50 41.3170 -09 29 05.2100 0 0 2000 UNKNOWN 0 MarkGurwell
0050-094        00 50 41.3170 -09 29 05.2100 0 0 2000 UNKNOWN 0 MarkGurwell
0051-068        00 51 08.2097 -06 50 02.2280 0 0 2000 UNKNOWN 0 NRAO
0057+303        00 57 48.8830 +30 21 08.8110 0 0 2000 UNKNOWN 0 Shigechan
0059+581        01 02 45.7620 +58 24 11.1360 0 0 2000 UNKNOWN 0 MarkGurwell
0102+480        01 05 49.9281 +48 19 03.1920 0 0 2000 UNKNOWN 0 NRAO
0102+584        01 02 45.7620 +58 24 11.1360 0 0 2000 UNKNOWN 0 MarkGurwell
0105+483        01 05 49.9281 +48 19 03.1920 0 0 2000 UNKNOWN 0 NRAO
0106+013        01 08 38.7710 +01 35 00.3170 0 0 2000 UNKNOWN 0 MarkGurwell
0108+015        01 08 38.7710 +01 35 00.3170 0 0 2000 UNKNOWN 0 MarkGurwell
0108-079        01 10 50.0209 -07 41 41.1130 0 0 2000 UNKNOWN 0 NRAO
0109+224        01 12 05.8250 +22 44 38.7860 0 0 2000 UNKNOWN 0 MarkGurwell
0110-076        01 10 50.0209 -07 41 41.1130 0 0 2000 UNKNOWN 0 NRAO
0112+227        01 12 05.8250 +22 44 38.7860 0 0 2000 UNKNOWN 0 MarkGurwell
0113+498        01 13 27.0070 +49 48 24.0430 0 0 2000 UNKNOWN 0 Shigechan
0113-118        01 16 12.5220 -11 36 15.4330 0 0 2000 UNKNOWN 0 MarkGurwell
0116-116        01 16 12.5220 -11 36 15.4330 0 0 2000 UNKNOWN 0 MarkGurwell
0116-219        01 18 57.2621 -21 41 30.1390 0 0 2000 UNKNOWN 0 NRAO
0118-216        01 18 57.2621 -21 41 30.1390 0 0 2000 UNKNOWN 0 NRAO
0119+115        01 21 41.5950 +11 49 50.4130 0 0 2000 UNKNOWN 0 MarkGurwell
0119+247        01 22 38.8159 +25 02 31.7930 0 0 2000 UNKNOWN 0 NRAO
0121+043        01 21 56.8620 +04 22 24.7340 0 0 2000 UNKNOWN 0 Shigechan
0121+118        01 21 41.5950 +11 49 50.4130 0 0 2000 UNKNOWN 0 MarkGurwell
0122+250        01 22 38.8159 +25 02 31.7930 0 0 2000 UNKNOWN 0 NRAO
0125-000        01 25 28.8437 -00 05 55.9310 0 0 2000 UNKNOWN 0 Shigechan
0132-169        01 32 43.4874 -16 54 48.5210 0 0 2000 UNKNOWN 0 Satoki
0130-171        01 32 43.4874 -16 54 48.5210 0 0 2000 UNKNOWN 0 Satoki
0133+476        01 36 58.5950 +47 51 29.0990 0 0 2000 UNKNOWN 0 MarkGurwell
0135-247        01 37 38.3460 -24 30 53.8850 0 0 2000 UNKNOWN 0 MarkGurwell
0136+478        01 36 58.5950 +47 51 29.0990 0 0 2000 UNKNOWN 0 MarkGurwell
0137-245        01 37 38.3460 -24 30 53.8850 0 0 2000 UNKNOWN 0 MarkGurwell
0138-097        01 41 25.8320 -09 28 43.6730 0 0 2000 UNKNOWN 0 MarkGurwell
0141-094        01 41 25.8320 -09 28 43.6730 0 0 2000 UNKNOWN 0 MarkGurwell
0147+187        01 49 49.7189 +18 57 20.6100 0 0 2000 UNKNOWN 0 NRAO
0149+059        01 49 22.3710 +05 55 53.5680 0 0 2000 UNKNOWN 0 Shigechan
0149+189        01 49 49.7189 +18 57 20.6100 0 0 2000 UNKNOWN 0 NRAO
0149+218        01 52 18.0590 +22 07 07.6990 0 0 2000 UNKNOWN 0 MarkGurwell
0152+221        01 52 18.0590 +22 07 07.6990 0 0 2000 UNKNOWN 0 MarkGurwell
0202+149        02 04 50.4140 +15 14 11.0430 0 0 2000 UNKNOWN 0 MarkGurwell
0204+152        02 04 50.4140 +15 14 11.0430 0 0 2000 UNKNOWN 0 MarkGurwell
0205+322        02 05 04.9250 +32 12 30.0950 0 0 2000 UNKNOWN 0 Shigechan
0212+735        02 17 30.8130 +73 49 32.6210 0 0 2000 UNKNOWN 0 MarkGurwell
0213-026        02 15 42.0172 -02 22 56.7510 0 0 2000 UNKNOWN 0 NRAO
0215+015        02 17 48.9550 +01 44 49.6980 0 0 2000 UNKNOWN 0 MarkGurwell
0215-023        02 15 42.0172 -02 22 56.7510 0 0 2000 UNKNOWN 0 NRAO
0216+011        02 19 07.0244 +01 20 59.8650 0 0 2000 UNKNOWN 0 NRAO
0217+017        02 17 48.9550 +01 44 49.6980 0 0 2000 UNKNOWN 0 MarkGurwell
0217+738        02 17 30.8130 +73 49 32.6210 0 0 2000 UNKNOWN 0 MarkGurwell
0219+013        02 19 07.0244 +01 20 59.8650 0 0 2000 UNKNOWN 0 NRAO
0224+069        02 24 28.4280 +06 59 23.3410 0 0 2000 UNKNOWN 0 Shigechan
0224+671        02 28 50.0510 +67 21 03.0290 0 0 2000 UNKNOWN 0 MarkGurwell
0228+673        02 28 50.0510 +67 21 03.0290 0 0 2000 UNKNOWN 0 MarkGurwell
0234+285        02 37 52.4060 +28 48 08.9890 0 0 2000 UNKNOWN 0 MarkGurwell
0235+164        02 38 38.9300 +16 36 59.2740 0 0 2000 UNKNOWN 0 MarkGurwell
0237+288        02 37 52.4060 +28 48 08.9890 0 0 2000 UNKNOWN 0 MarkGurwell
0238+166        02 38 38.9300 +16 36 59.2740 0 0 2000 UNKNOWN 0 MarkGurwell
0238-084        02 41 04.7980 -08 15 20.7510 0 0 2000 UNKNOWN 0 MarkGurwell
0239+042        02 39 51.2630 +04 16 21.4110 0 0 2000 UNKNOWN 0 Shigechan
0240-217        02 42 35.9098 -21 32 25.9350 0 0 2000 UNKNOWN 0 NRAO
0241+622        02 44 57.6970 +62 28 06.5150 0 0 2000 UNKNOWN 0 MarkGurwell
0241-082        02 41 04.7980 -08 15 20.7510 0 0 2000 UNKNOWN 0 MarkGurwell
0242+110        02 42 29.1710 +11 01 00.7270 0 0 2000 UNKNOWN 0 Shigechan
0242-215        02 42 35.9098 -21 32 25.9350 0 0 2000 UNKNOWN 0 NRAO
0244+624        02 44 57.6970 +62 28 06.5150 0 0 2000 UNKNOWN 0 MarkGurwell
0248+430        02 51 34.5370 +43 15 15.8280 0 0 2000 UNKNOWN 0 MarkGurwell
0251+432        02 51 34.5370 +43 15 15.8280 0 0 2000 UNKNOWN 0 MarkGurwell
0256+424        02 59 37.6943 +42 35 49.8020 0 0 2000 UNKNOWN 0 NRAO
0259+425        02 59 37.6943 +42 35 49.8020 0 0 2000 UNKNOWN 0 NRAO
0303+472        03 03 35.2420 +47 16 16.2750 0 0 2000 UNKNOWN 0 Mark_Gurwell
0309+104        03 09 03.6230 +10 29 16.3400 0 0 2000 UNKNOWN 0 Mark_Gurwell
0310+382        03 10 49.8800 +38 14 53.8370 0 0 2000 UNKNOWN 0 Shigechan
0313+413        03 13 01.9620 +41 20 01.1830 0 0 2000 UNKNOWN 0 Shigechan
0316+413        03 19 48.1600 +41 30 42.1060 0 0 2000 UNKNOWN 0 MarkGurwell
0319+415        03 19 48.1600 +41 30 42.1060 0 0 2000 UNKNOWN 0 MarkGurwell
3c84            03 19 48.1600 +41 30 42.1060 0 0 2000 UNKNOWN 0 MarkGurwell
0322+222        03 25 36.8143 +22 24 00.3650 0 0 2000 UNKNOWN 0 NRAO
0325+226        03 25 36.8143 +22 24 00.3650 0 0 2000 UNKNOWN 0 NRAO
0325+469        03 25 20.3040 +46 55 06.6730 0 0 2000 UNKNOWN 0 Mark_Gurwell
0327-241        03 29 54.0755 -23 57 08.7730 0 0 2000 UNKNOWN 0 NRAO
0329-239        03 29 54.0755 -23 57 08.7730 0 0 2000 UNKNOWN 0 NRAO
0333+321        03 36 30.1080 +32 18 29.3420 0 0 2000 UNKNOWN 0 MarkGurwell
0336+323        03 36 30.1080 +32 18 29.3420 0 0 2000 UNKNOWN 0 MarkGurwell
0336-019        03 39 30.9380 -01 46 35.8040 0 0 2000 UNKNOWN 0 MarkGurwell
0339-017        03 39 30.9380 -01 46 35.8040 0 0 2000 UNKNOWN 0 MarkGurwell
0346+540        03 46 34.5040 +54 00 59.1000 0 0 2000 UNKNOWN 0 Shigechan
0346-279        03 48 38.1440 -27 49 13.5600 0 0 2000 UNKNOWN 0 MarkGurwell
0348-278        03 48 38.1440 -27 49 13.5600 0 0 2000 UNKNOWN 0 MarkGurwell
0354+467        03 54 30.0160 +46 43 18.7500 0 0 2000 UNKNOWN 0 Mark_Gurwell
0355+508        03 59 29.7470 +50 57 50.1610 0 0 2000 UNKNOWN 0 MarkGurwell
0356+322        03 59 44.9129 +32 20 47.1550 0 0 2000 UNKNOWN 0 NRAO
0359+323        03 59 44.9129 +32 20 47.1550 0 0 2000 UNKNOWN 0 NRAO
0359+509        03 59 29.7470 +50 57 50.1610 0 0 2000 UNKNOWN 0 MarkGurwell
0401+042        04 01 19.9140 +04 13 34.4170 0 0 2000 UNKNOWN 0 Shigechan
0403-132        04 05 34.0030 -13 08 13.6910 0 0 2000 UNKNOWN 0 MarkGurwell
0405-131        04 05 34.0030 -13 08 13.6910 0 0 2000 UNKNOWN 0 MarkGurwell
0410+769        04 10 45.6060 +76 56 45.3010 0 0 2000 UNKNOWN 0 Shigechan
0412+447        04 15 56.5230 +44 52 49.6560 0 0 2000 UNKNOWN 0 MarkGurwell
0413-210        04 16 04.3597 -20 56 27.5170 0 0 2000 UNKNOWN 0 NRAO
0415+379        04 18 21.2770 +38 01 35.8000 0 0 2000 UNKNOWN 0 NRAO
0415+448        04 15 56.5230 +44 52 49.6560 0 0 2000 UNKNOWN 0 MarkGurwell
0416-209        04 16 04.3597 -20 56 27.5170 0 0 2000 UNKNOWN 0 NRAO
0418+380        04 18 21.2770 +38 01 35.8000 0 0 2000 UNKNOWN 0 NRAO
3c111           04 18 21.2770 +38 01 35.8000 0 0 2000 UNKNOWN 0 NRAO
0420-014        04 23 15.8010 -01 20 33.0650 0 0 2000 UNKNOWN 0 MarkGurwell
0422+023        04 22 52.2150 +02 19 26.9360 0 0 2000 UNKNOWN 0 Shigechan
0423-013        04 23 15.8010 -01 20 33.0650 0 0 2000 UNKNOWN 0 MarkGurwell
0424+006        04 24 46.8420 +00 36 06.3290 0 0 2000 UNKNOWN 0 Shigechan
0424+328        04 28 05.8087 +32 59 52.0430 0 0 2000 UNKNOWN 0 NRAO
0428+329        04 28 05.8087 +32 59 52.0430 0 0 2000 UNKNOWN 0 NRAO
0430+052        04 33 11.0950 +05 21 15.6190 0 0 2000 UNKNOWN 0 MarkGurwell
0433+053        04 33 11.0950 +05 21 15.6190 0 0 2000 UNKNOWN 0 MarkGurwell
3c120           04 33 11.0950 +05 21 15.6190 0 0 2000 UNKNOWN 0 MarkGurwell
0442-002        04 42 38.6607 -00 17 43.4190 0 0 2000 UNKNOWN 0 Shigechan
0449+635        04 49 23.3100 +63 32 09.4340 0 0 2000 UNKNOWN 0 Shigechan
0454+066        04 57 07.7099 +06 45 07.2600 0 0 2000 UNKNOWN 0 NRAO
0454-463        04 55 50.7724 -46 15 58.6820 0 0 2000 UNKNOWN 0 NRAO
0455-462        04 55 50.7724 -46 15 58.6820 0 0 2000 UNKNOWN 0 NRAO
0457+067        04 57 07.7099 +06 45 07.2600 0 0 2000 UNKNOWN 0 NRAO
0458-020        05 01 12.8100 -01 59 14.2560 0 0 2000 UNKNOWN 0 mark
0459+135        05 02 33.2195 +13 38 10.9580 0 0 2000 UNKNOWN 0 NRAO
0501-019        05 01 12.8100 -01 59 14.2560 0 0 2000 UNKNOWN 0 Shigechan
0502+061        05 02 15.4460 +06 09 07.4940 0 0 2000 UNKNOWN 0 Shigechan
0502+136        05 02 33.2195 +13 38 10.9580 0 0 2000 UNKNOWN 0 NRAO
0502+416        05 02 37.9880 +41 39 19.3370 0 0 2000 UNKNOWN 0 Shigechan
0507+179        05 10 02.3690 +18 00 41.5810 0 0 2000 UNKNOWN 0 MarkGurwell
0509+056        05 09 25.9650 +05 41 35.3370 0 0 2000 UNKNOWN 0 Shigechan
0509+152        05 12 41.0129 +15 17 23.4790 0 0 2000 UNKNOWN 0 NRAO
0510+180        05 10 02.3690 +18 00 41.5810 0 0 2000 UNKNOWN 0 MarkGurwell
0512+152        05 12 41.0129 +15 17 23.4790 0 0 2000 UNKNOWN 0 NRAO
0519+011        05 22 17.4674 +01 13 31.1860 0 0 2000 UNKNOWN 0 NRAO
0521-365        05 22 57.9850 -36 27 30.8510 0 0 2000 UNKNOWN 0 markcatalog
0522+012        05 22 17.4674 +01 13 31.1860 0 0 2000 UNKNOWN 0 NRAO
0524+034        05 27 32.7054 +03 31 31.5160 0 0 2000 UNKNOWN 0 NRAO
0527+035        05 27 32.7054 +03 31 31.5160 0 0 2000 UNKNOWN 0 NRAO
0528+134        05 30 56.4170 +13 31 55.1490 0 0 2000 UNKNOWN 0 MarkGurwell
0529+075        05 32 38.9980 +07 32 43.3440 0 0 2000 UNKNOWN 0 MarkGurwell
0530+135        05 30 56.4170 +13 31 55.1490 0 0 2000 UNKNOWN 0 MarkGurwell
0532+075        05 32 38.9980 +07 32 43.3440 0 0 2000 UNKNOWN 0 MarkGurwell
0533+483        05 33 15.8660 +48 22 52.8070 0 0 2000 UNKNOWN 0 Shigechan
0538+474        05 41 49.2454 +47 29 07.6110 0 0 2000 UNKNOWN 0 NRAO
0539+145        05 39 42.3660 +14 33 45.5610 0 0 2000 UNKNOWN 0 Shigechan
0541+474        05 41 49.2454 +47 29 07.6110 0 0 2000 UNKNOWN 0 NRAO
0552+398        05 55 30.8060 +39 48 49.1640 0 0 2000 UNKNOWN 0 MarkGurwell
0555+398        05 55 30.8060 +39 48 49.1640 0 0 2000 UNKNOWN 0 MarkGurwell
0605+405        06 05 50.8560 +40 30 08.1020 0 0 2000 UNKNOWN 0 Shigechan
0605-085        06 07 59.6990 -08 34 49.9780 0 0 2000 UNKNOWN 0 MarkGurwell
0606-223        06 08 59.6868 -22 20 20.9550 0 0 2000 UNKNOWN 0 NRAO
0607-085        06 07 59.6990 -08 34 49.9780 0 0 2000 UNKNOWN 0 MarkGurwell
0607-157        06 09 40.9500 -15 42 40.6720 0 0 2000 UNKNOWN 0 MarkGurwell
0608-223        06 08 59.6868 -22 20 20.9550 0 0 2000 UNKNOWN 0 NRAO
0609-157        06 09 40.9500 -15 42 40.6720 0 0 2000 UNKNOWN 0 MarkGurwell
0622+147        06 25 45.9187 +14 40 19.5500 0 0 2000 UNKNOWN 0 NRAO
0625+146        06 25 45.9187 +14 40 19.5500 0 0 2000 UNKNOWN 0 NRAO
0627-199        06 29 23.7618 -19 59 19.7230 0 0 2000 UNKNOWN 0 NRAO
0629-199        06 29 23.7618 -19 59 19.7230 0 0 2000 UNKNOWN 0 NRAO
0642+449        06 46 32.0260 +44 51 16.5900 0 0 2000 UNKNOWN 0 MarkGurwell
0646+448        06 46 32.0260 +44 51 16.5900 0 0 2000 UNKNOWN 0 MarkGurwell
0648-165        06 50 24.5820 -16 37 39.7250 0 0 2000 UNKNOWN 0 MarkGurwell
0650-166        06 50 24.5820 -16 37 39.7250 0 0 2000 UNKNOWN 0 MarkGurwell
0710+475        07 10 46.1050 +47 32 11.1420 0 0 2000 UNKNOWN 0 Shigechan
0716+714        07 21 53.4480 +71 20 36.3630 0 0 2000 UNKNOWN 0 MarkGurwell
0717+456        07 17 51.8530 +45 38 03.2520 0 0 2000 UNKNOWN 0 Shigechan
0721+713        07 21 53.4480 +71 20 36.3630 0 0 2000 UNKNOWN 0 MarkGurwell
0723-008        07 25 50.6400 -00 54 56.5440 0 0 2000 UNKNOWN 0 MarkGurwell
0725-009        07 25 50.6399 -00 54 56.5440 0 0 2000 UNKNOWN 0 MarkGurwell
0727-115        07 30 19.1120 -11 41 12.6000 0 0 2000 UNKNOWN 0 MarkGurwell
0730-116        07 30 19.1120 -11 41 12.6000 0 0 2000 UNKNOWN 0 MarkGurwell
0733+503        07 33 52.5210 +50 22 09.0510 0 0 2000 UNKNOWN 0 Shigechan
0735+178        07 38 07.3940 +17 42 18.9980 0 0 2000 UNKNOWN 0 MarkGurwell
0736+017        07 39 18.0340 +01 37 04.6180 0 0 2000 UNKNOWN 0 MarkGurwell
0736-063        07 38 57.1755 -06 26 58.0560 0 0 2000 UNKNOWN 0 NRAO
0738+177        07 38 07.3940 +17 42 18.9980 0 0 2000 UNKNOWN 0 MarkGurwell
0738-064        07 38 57.1755 -06 26 58.0560 0 0 2000 UNKNOWN 0 NRAO
0739+016        07 39 18.0340 +01 37 04.6180 0 0 2000 UNKNOWN 0 MarkGurwell
0740+768        07 47 14.6075 +76 39 17.2710 0 0 2000 UNKNOWN 0 NRAO
0741+312        07 41 10.7030 +31 12 00.2280 0 0 2000 UNKNOWN 0 Shigechan
0742+318        07 45 41.6715 +31 42 56.6150 0 0 2000 UNKNOWN 0 NRAO
0745+317        07 45 41.6715 +31 42 56.6150 0 0 2000 UNKNOWN 0 NRAO
0746+483        07 50 20.4363 +48 14 53.5560 0 0 2000 UNKNOWN 0 NRAO
0747+766        07 47 14.6075 +76 39 17.2710 0 0 2000 UNKNOWN 0 NRAO
0747-331        07 47 19.6883 -33 10 47.1270 0 0 2000 UNKNOWN 0 SRHostler
0748+126        07 50 52.0460 +12 31 04.8280 0 0 2000 UNKNOWN 0 MarkGurwell
0748+240        07 48 36.1090 +24 00 24.1100 0 0 2000 UNKNOWN 0 Shigechan
0749+540        07 53 01.3850 +53 52 59.6370 0 0 2000 UNKNOWN 0 MarkGurwell
0750+125        07 50 52.0460 +12 31 04.8280 0 0 2000 UNKNOWN 0 MarkGurwell
0750+482        07 50 20.4363 +48 14 53.5560 0 0 2000 UNKNOWN 0 NRAO
0753+538        07 53 01.3850 +53 52 59.6370 0 0 2000 UNKNOWN 0 MarkGurwell
0754+100        07 57 06.6430 +09 56 34.8520 0 0 2000 UNKNOWN 0 MarkGurwell
0757+099        07 57 06.6430 +09 56 34.8520 0 0 2000 UNKNOWN 0 MarkGurwell
0759+183        08 02 48.0319 +18 09 49.2490 0 0 2000 UNKNOWN 0 NRAO
0802+181        08 02 48.0319 +18 09 49.2490 0 0 2000 UNKNOWN 0 NRAO
0802-276        08 04 51.4511 -27 49 11.3200 0 0 2000 UNKNOWN 0 NRAO
0804+499        08 08 39.6660 +49 50 36.5300 0 0 2000 UNKNOWN 0 MarkGurwell
0804-267        08 06 12.7225 -26 52 33.3070 0 0 2000 UNKNOWN 0 NRAO
0804-278        08 04 51.4511 -27 49 11.3200 0 0 2000 UNKNOWN 0 NRAO
0806-268        08 06 12.7225 -26 52 33.3070 0 0 2000 UNKNOWN 0 NRAO
0808+498        08 08 39.6660 +49 50 36.5300 0 0 2000 UNKNOWN 0 MarkGurwell
0811+017        08 11 26.7070 +01 46 52.2200 0 0 2000 UNKNOWN 0 Shigechan
0818+423        08 18 16.0000 +42 22 45.4140 0 0 2000 UNKNOWN 0 Shigechan
0820+560        08 24 47.2360 +55 52 42.6690 0 0 2000 UNKNOWN 0 MarkGurwell
0823+033        08 25 50.3380 +03 09 24.5200 0 0 2000 UNKNOWN 0 MarkGurwell
0823+223        08 23 24.7590 +22 23 03.3050 0 0 2000 UNKNOWN 0 Shigechan
0824+392        08 24 55.4840 +39 16 41.9040 0 0 2000 UNKNOWN 0 Shigechan
0824+558        08 24 47.2360 +55 52 42.6690 0 0 2000 UNKNOWN 0 MarkGurwell
0825+031        08 25 50.3380 +03 09 24.5200 0 0 2000 UNKNOWN 0 MarkGurwell
0826-373        08 28 04.7802 -37 31 06.2811 0 0 2000 UNKNOWN 0 NRAO 
0829+046        08 31 48.8770 +04 29 39.0850 0 0 2000 UNKNOWN 0 MarkGurwell
0830+241        08 30 52.0860 +24 10 59.8200 0 0 2000 UNKNOWN 0 Shigechan
0831+044        08 31 48.8770 +04 29 39.0850 0 0 2000 UNKNOWN 0 MarkGurwell
0834-201        08 36 39.2150 -20 16 59.5030 0 0 2000 UNKNOWN 0 MarkGurwell
0836+710        08 41 24.3650 +70 53 42.1730 0 0 2000 UNKNOWN 0 MarkGurwell
0836-202        08 36 39.2150 -20 16 59.5030 0 0 2000 UNKNOWN 0 MarkGurwell
0837+035        08 39 49.1958 +03 19 53.8580 0 0 2000 UNKNOWN 0 NRAO
0838+133        08 40 47.5890 +13 12 23.5600 0 0 2000 UNKNOWN 0 MarkGurwell
0839+033        08 39 49.1958 +03 19 53.8580 0 0 2000 UNKNOWN 0 NRAO
0840+132        08 40 47.5890 +13 12 23.5600 0 0 2000 UNKNOWN 0 MarkGurwell
3c207           08 40 47.5890 +13 12 23.5600 0 0 2000 UNKNOWN 0 MarkGurwell
0841+708        08 41 24.3650 +70 53 42.1730 0 0 2000 UNKNOWN 0 MarkGurwell
0851+202        08 54 48.8750 +20 06 30.6400 0 0 2000 UNKNOWN 0 MarkGurwell
0854+201        08 54 48.8750 +20 06 30.6400 0 0 2000 UNKNOWN 0 MarkGurwell
0903+468        09 03 03.9900 +46 51 04.1370 0 0 2000 UNKNOWN 0 Shigechan
0914+027        09 14 37.9130 +02 45 59.2460 0 0 2000 UNKNOWN 0 Shigechan
0917+449        09 20 58.4580 +44 41 53.9850 0 0 2000 UNKNOWN 0 MarkGurwell
0917+624        09 21 36.2310 +62 15 52.1800 0 0 2000 UNKNOWN 0 MarkGurwell
0920+446        09 20 58.4580 +44 41 53.9850 0 0 2000 UNKNOWN 0 MarkGurwell
0921+622        09 21 36.2310 +62 15 52.1800 0 0 2000 UNKNOWN 0 MarkGurwell
0922+005        09 25 07.8150 +00 19 13.9330 0 0 2000 UNKNOWN 0 NRAO
0923+392        09 27 03.0140 +39 02 20.8510 0 0 2000 UNKNOWN 0 MarkGurwell
0925+003        09 25 07.8150 +00 19 13.9330 0 0 2000 UNKNOWN 0 NRAO
0927+390        09 27 03.0140 +39 02 20.8510 0 0 2000 UNKNOWN 0 MarkGurwell
0937+501        09 37 12.3290 +50 08 52.0750 0 0 2000 UNKNOWN 0 Shigechan
0941-080        09 43 36.9443 -08 19 30.8120 0 0 2000 UNKNOWN 0 NRAO
0943-083        09 43 36.9443 -08 19 30.8120 0 0 2000 UNKNOWN 0 NRAO
0945+408        09 48 55.3380 +40 39 44.5870 0 0 2000 UNKNOWN 0 MarkGurwell
0948+406        09 48 55.3380 +40 39 44.5870 0 0 2000 UNKNOWN 0 MarkGurwell
0954+658        09 58 47.2450 +65 33 54.8180 0 0 2000 UNKNOWN 0 MarkGurwell
0956+252        09 56 49.8750 +25 15 16.0490 0 0 2000 UNKNOWN 0 Shigechan
0957+553        09 57 38.1840 +55 22 57.7600 0 0 2000 UNKNOWN 0 Shigechan
0958+474        09 58 19.6720 +47 25 07.8420 0 0 2000 UNKNOWN 0 Shigechan
0958+655        09 58 47.2450 +65 33 54.8180 0 0 2000 UNKNOWN 0 MarkGurwell
0959-443        10 01 59.9080 -44 38 00.6030 0 0 2000 UNKNOWN 0 NRAO
1001-446        10 01 59.9080 -44 38 00.6030 0 0 2000 UNKNOWN 0 NRAO
1003+830        10 10 15.7830 +82 50 14.3840 0 0 2000 UNKNOWN 0 NRAO
1010+828        10 10 15.7830 +82 50 14.3840 0 0 2000 UNKNOWN 0 NRAO
1014+230        10 14 47.0650 +23 01 16.5700 0 0 2000 UNKNOWN 0 Shigechan
1015+359        10 18 10.9880 +35 42 39.4410 0 0 2000 UNKNOWN 0 NRAO
1018+357        10 18 10.9880 +35 42 39.4410 0 0 2000 UNKNOWN 0 NRAO
1034-293        10 37 16.0800 -29 34 02.8130 0 0 2000 UNKNOWN 0 MarkGurwell
1036-154        10 39 06.7050 -15 41 06.6910 0 0 2000 UNKNOWN 0 NRAO
1037-295        10 37 16.0800 -29 34 02.8130 0 0 2000 UNKNOWN 0 MarkGurwell
1039-156        10 39 06.7050 -15 41 06.6910 0 0 2000 UNKNOWN 0 NRAO
1041+061        10 41 17.1630 +06 10 16.9230 0 0 2000 UNKNOWN 0 Shigechan
1043+241        10 43 09.0350 +24 08 35.4230 0 0 2000 UNKNOWN 0 Shigechan
1044+719        10 48 27.6200 +71 43 35.9380 0 0 2000 UNKNOWN 0 MarkGurwell
1044+809        10 44 23.0630 +80 54 39.4430 0 0 2000 UNKNOWN 0 Shigechan
1045-188        10 48 06.6210 -19 09 35.7260 0 0 2000 UNKNOWN 0 MarkGurwell
1048+717        10 48 27.6200 +71 43 35.9380 0 0 2000 UNKNOWN 0 MarkGurwell
1048-191        10 48 06.6210 -19 09 35.7260 0 0 2000 UNKNOWN 0 MarkGurwell
1051+213        10 51 48.7890 +21 19 52.3140 0 0 2000 UNKNOWN 0 Shigechan
1055+018        10 58 29.6050 +01 33 58.8230 0 0 2000 UNKNOWN 0 MarkGurwell
1055-242        10 57 55.4100 -24 33 48.8710 0 0 2000 UNKNOWN 0 NRAO
1057-245        10 57 55.4100 -24 33 48.8710 0 0 2000 UNKNOWN 0 NRAO
1058+015        10 58 29.6050 +01 33 58.8230 0 0 2000 UNKNOWN 0 MarkGurwell
1058+812        10 58 11.5350 +81 14 32.6750 0 0 2000 UNKNOWN 0 Shigechan
1059+282        11 02 14.2884 +27 57 08.6890 0 0 2000 UNKNOWN 0 NRAO
1100+223        11 03 23.0676 +22 03 37.7200 0 0 2000 UNKNOWN 0 NRAO
1102+279        11 02 14.2884 +27 57 08.6890 0 0 2000 UNKNOWN 0 NRAO
1103+220        11 03 23.0676 +22 03 37.7200 0 0 2000 UNKNOWN 0 NRAO
1103+302        11 03 13.3010 +30 14 42.6950 0 0 2000 UNKNOWN 0 Shigechan
1104+167        11 07 15.0474 +16 28 02.2450 0 0 2000 UNKNOWN 0 NRAO
1104+382        11 04 27.3140 +38 12 31.7990 0 0 2000 UNKNOWN 0 Shigechan
1107+164        11 07 15.0474 +16 28 02.2450 0 0 2000 UNKNOWN 0 NRAO
1108+201        11 11 20.0658 +19 55 36.0010 0 0 2000 UNKNOWN 0 NRAO
1110-217        11 12 49.8487 -21 58 29.3510 0 0 2000 UNKNOWN 0 NRAO
1111+199        11 11 20.0658 +19 55 36.0010 0 0 2000 UNKNOWN 0 NRAO
1112-219        11 12 49.8487 -21 58 29.3510 0 0 2000 UNKNOWN 0 NRAO
1117+146        11 20 27.8072 +14 20 54.9910 0 0 2000 UNKNOWN 0 NRAO
1117-248        11 20 09.1207 -25 08 07.6080 0 0 2000 UNKNOWN 0 NRAO
1118+125        11 18 57.3010 +12 34 41.7180 0 0 2000 UNKNOWN 0 Shigechan
1119+183        11 22 29.7114 +18 05 26.3430 0 0 2000 UNKNOWN 0 NRAO
1120+143        11 20 27.8072 +14 20 54.9910 0 0 2000 UNKNOWN 0 NRAO
1120-251        11 20 09.1207 -25 08 07.6080 0 0 2000 UNKNOWN 0 NRAO
1122+180        11 22 29.7114 +18 05 26.3430 0 0 2000 UNKNOWN 0 NRAO
1124-186        11 27 04.3920 -18 57 17.4410 0 0 2000 UNKNOWN 0 MarkGurwell
1127-145        11 30 07.0530 -14 49 27.3880 0 0 2000 UNKNOWN 0 MarkGurwell
1127-189        11 27 04.3920 -18 57 17.4410 0 0 2000 UNKNOWN 0 MarkGurwell
1130-148        11 30 07.0530 -14 49 27.3880 0 0 2000 UNKNOWN 0 MarkGurwell
1142-225        11 45 22.0468 -22 50 31.3420 0 0 2000 UNKNOWN 0 NRAO
1143-287        11 46 26.1886 -28 59 18.5040 0 0 2000 UNKNOWN 0 NRAO
1144+402        11 46 58.2980 +39 58 34.3040 0 0 2000 UNKNOWN 0 MarkGurwell
1144+542        11 46 44.2043 +53 56 43.0830 0 0 2000 UNKNOWN 0 NRAO
1145-228        11 45 22.0468 -22 50 31.3420 0 0 2000 UNKNOWN 0 NRAO
1146+399        11 46 58.2980 +39 58 34.3040 0 0 2000 UNKNOWN 0 MarkGurwell
1146+539        11 46 44.2043 +53 56 43.0830 0 0 2000 UNKNOWN 0 NRAO
1146-289        11 46 26.1886 -28 59 18.5040 0 0 2000 UNKNOWN 0 NRAO
1150+497        11 53 24.4670 +49 31 08.8300 0 0 2000 UNKNOWN 0 MarkGurwell
1153+495        11 53 24.4670 +49 31 08.8300 0 0 2000 UNKNOWN 0 MarkGurwell
1153+809        11 53 12.4990 +80 58 29.1540 0 0 2000 UNKNOWN 0 Shigechan
1156+295        11 59 31.8340 +29 14 43.8260 0 0 2000 UNKNOWN 0 MarkGurwell
1156-221        11 59 11.2672 -22 28 36.9020 0 0 2000 UNKNOWN 0 NRAO
1157-215        11 59 51.9061 -21 48 53.7070 0 0 2000 UNKNOWN 0 NRAO
1159+292        11 59 31.8340 +29 14 43.8260 0 0 2000 UNKNOWN 0 MarkGurwell
1159-218        11 59 51.9061 -21 48 53.7070 0 0 2000 UNKNOWN 0 NRAO
1159-224        11 59 11.2672 -22 28 36.9020 0 0 2000 UNKNOWN 0 NRAO
1203+480        12 03 29.8550 +48 03 13.6290 0 0 2000 UNKNOWN 0 Shigechan
1203-262        12 05 33.2123 -26 34 04.4640 0 0 2000 UNKNOWN 0 NRAO
1204+281        12 07 27.9004 +27 54 58.8490 0 0 2000 UNKNOWN 0 NRAO
1205-265        12 05 33.2123 -26 34 04.4640 0 0 2000 UNKNOWN 0 NRAO
1206-238        12 09 02.4451 -24 06 20.7590 0 0 2000 UNKNOWN 0 NRAO
1207+279        12 07 27.9004 +27 54 58.8490 0 0 2000 UNKNOWN 0 NRAO
1209-241        12 09 02.4451 -24 06 20.7590 0 0 2000 UNKNOWN 0 NRAO
1213-172        12 15 46.7520 -17 31 45.4020 0 0 2000 UNKNOWN 0 MarkGurwell
1215-175        12 15 46.7520 -17 31 45.4020 0 0 2000 UNKNOWN 0 MarkGurwell
1215-457        12 18 06.2518 -46 00 29.0070 0 0 2000 UNKNOWN 0 NRAO
1218-460        12 18 06.2518 -46 00 29.0070 0 0 2000 UNKNOWN 0 NRAO
1219+044        12 22 22.5500 +04 13 15.7760 0 0 2000 UNKNOWN 0 MarkGurwell
1222+042        12 22 22.5500 +04 13 15.7760 0 0 2000 UNKNOWN 0 MarkGurwell
1224+213        12 24 54.4580 +21 22 46.3900 0 0 2000 UNKNOWN 0 Shigechan
1225+368        12 27 58.7254 +36 35 11.8270 0 0 2000 UNKNOWN 0 NRAO
1226+023        12 29 06.7000 +02 03 08.5980 0 0 2000 UNKNOWN 0 MarkGurwell
1227+365        12 27 58.7254 +36 35 11.8270 0 0 2000 UNKNOWN 0 NRAO
1229+020        12 29 06.7000 +02 03 08.5980 0 0 2000 UNKNOWN 0 MarkGurwell
3c273           12 29 06.7000 +02 03 08.5980 0 0 2000 UNKNOWN 0 MarkGurwell
1239+075        12 39 24.5880 +07 30 17.1890 0 0 2000 UNKNOWN 0 Shigechan
1242+410        12 44 49.1872 +40 48 06.1530 0 0 2000 UNKNOWN 0 NRAO
1244+408        12 44 49.1872 +40 48 06.1530 0 0 2000 UNKNOWN 0 NRAO
1244-255        12 46 46.8020 -25 47 49.2880 0 0 2000 UNKNOWN 0 MarkGurwell
1245-197        12 48 23.8981 -19 59 18.5870 0 0 2000 UNKNOWN 0 NRAO
1246-257        12 46 46.8020 -25 47 49.2880 0 0 2000 UNKNOWN 0 MarkGurwell
1248-199        12 48 23.8981 -19 59 18.5870 0 0 2000 UNKNOWN 0 NRAO
1253-055        12 56 11.1660 -05 47 21.5240 0 0 2000 UNKNOWN 0 MarkGurwell
1254+116        12 54 38.2560 +11 41 05.8940 0 0 2000 UNKNOWN 0 Shigechan
1256-057        12 56 11.1660 -05 47 21.5240 0 0 2000 UNKNOWN 0 MarkGurwell
3c279           12 56 11.1660 -05 47 21.5240 0 0 2000 UNKNOWN 0 MarkGurwell
Mysterio_Nebula 12 56 11.5010 -05 47 36.5240 0 0 2000 UNKNOWN 0 MarkGurwell
1256-220        12 58 54.4787 -22 19 31.1250 0 0 2000 UNKNOWN 0 NRAO
1258-223        12 58 54.4787 -22 19 31.1250 0 0 2000 UNKNOWN 0 NRAO
1308+326        13 10 28.6640 +32 20 43.7820 0 0 2000 UNKNOWN 0 MarkGurwell
1309+119        13 09 33.9320 +11 54 24.5520 0 0 2000 UNKNOWN 0 Shigechan
1310+323        13 10 28.6640 +32 20 43.7820 0 0 2000 UNKNOWN 0 MarkGurwell
1313-333        13 16 07.9800 -33 38 59.2000 0 0 2000 UNKNOWN 0 MarkGurwell
1316-336        13 16 07.9860 -33 38 59.1720 0 0 2000 UNKNOWN 0 Shigechan
1327+221        13 27 00.8610 +22 10 50.1620 0 0 2000 UNKNOWN 0 Shigechan
1328+307        13 31 08.2880 +30 30 32.9590 0 0 2000 UNKNOWN 0 MarkGurwell
1329+319        13 29 52.8650 +31 54 11.0470 0 0 2000 UNKNOWN 0 Shigechan
1331+305        13 31 08.2880 +30 30 32.9590 0 0 2000 UNKNOWN 0 MarkGurwell
3c286           13 31 08.2880 +30 30 32.9590 0 0 2000 UNKNOWN 0 MarkGurwell
1334-127        13 37 39.7830 -12 57 24.6930 0 0 2000 UNKNOWN 0 MarkGurwell
J1337-1257        13 37 39.7830 -12 57 24.6930 0 0 2000 UNKNOWN 0 MarkGurwell
1337-129        13 37 39.7830 -12 57 24.6930 0 0 2000 UNKNOWN 0 MarkGurwell
1354-152        13 57 11.2450 -15 27 28.7860 0 0 2000 UNKNOWN 0 MarkGurwell
1357+193        13 57 04.4370 +19 19 07.3720 0 0 2000 UNKNOWN 0 Shigechan
1357+767        13 57 55.3720 +76 43 21.0510 0 0 2000 UNKNOWN 0 Shigechan
1357-154        13 57 11.2450 -15 27 28.7860 0 0 2000 UNKNOWN 0 MarkGurwell
1413+135        14 15 58.8180 +13 20 23.7120 0 0 2000 UNKNOWN 0 MarkGurwell
1413+349        14 16 04.1862 +34 44 36.4270 0 0 2000 UNKNOWN 0 NRAO
1415+133        14 15 58.8180 +13 20 23.7120 0 0 2000 UNKNOWN 0 MarkGurwell
1416+347        14 16 04.1862 +34 44 36.4270 0 0 2000 UNKNOWN 0 NRAO
1418+546        14 19 46.5970 +54 23 14.7870 0 0 2000 UNKNOWN 0 MarkGurwell
1419+383        14 19 46.6140 +38 21 48.4750 0 0 2000 UNKNOWN 0 Shigechan
1419+543        14 19 46.5970 +54 23 14.7870 0 0 2000 UNKNOWN 0 MarkGurwell
1430-155        14 33 21.4593 -15 48 44.6870 0 0 2000 UNKNOWN 0 NRAO
1433-158        14 33 21.4593 -15 48 44.6870 0 0 2000 UNKNOWN 0 NRAO
1437-153        14 39 56.8720 -15 31 50.5550 0 0 2000 UNKNOWN 0 NRAO
1439-155        14 39 56.8720 -15 31 50.5550 0 0 2000 UNKNOWN 0 NRAO
1446+173        14 46 35.3470 +17 21 07.5450 0 0 2000 UNKNOWN 0 Shigechan
1458+042        14 58 59.3560 +04 16 13.8130 0 0 2000 UNKNOWN 0 Shigechan
1504+104        15 04 24.9800 +10 29 39.1980 0 0 2000 UNKNOWN 0 Shigechan
1504-166        15 07 04.7870 -16 52 30.2660 0 0 2000 UNKNOWN 0 MarkGurwell
1505+034        15 05 06.4770 +03 26 30.8120 0 0 2000 UNKNOWN 0 Shigechan
1506+426        15 06 53.0420 +42 39 23.0400 0 0 2000 UNKNOWN 0 Shigechan
1507-168        15 07 04.7870 -16 52 30.2660 0 0 2000 UNKNOWN 0 MarkGurwell
1510-057        15 10 53.5910 -05 43 07.4160 0 0 2000 UNKNOWN 0 Shigechan
1510-089        15 12 50.5330 -09 05 59.8290 0 0 2000 UNKNOWN 0 MarkGurwell
1511-210        15 13 56.9701 -21 14 57.5060 0 0 2000 UNKNOWN 0 NRAO
1512-090        15 12 50.5330 -09 05 59.8290 0 0 2000 UNKNOWN 0 MarkGurwell
J1512-0905      15 12 50.5330 -09 05 59.8290 0 0 2000 UNKNOWN 0 MarkGurwell
1513-212        15 13 56.9701 -21 14 57.5060 0 0 2000 UNKNOWN 0 NRAO
1514-241        15 17 41.8130 -24 22 19.4750 0 0 2000 UNKNOWN 0 MarkGurwell
1516+002        15 16 40.2180 +00 15 01.8930 0 0 2000 UNKNOWN 0 Shigechan
1517-243        15 17 41.8130 -24 22 19.4750 0 0 2000 UNKNOWN 0 MarkGurwell
1535+004        15 38 15.9530 +00 19 05.3240 0 0 2000 UNKNOWN 0 NRAO
1538+003        15 38 15.9530 +00 19 05.3240 0 0 2000 UNKNOWN 0 NRAO
1540+147        15 40 49.4920 +14 47 45.8840 0 0 2000 UNKNOWN 0 Shigechan
1546+027        15 49 29.4370 +02 37 01.1630 0 0 2000 UNKNOWN 0 MarkGurwell
1548+056        15 50 35.2690 +05 27 10.4480 0 0 2000 UNKNOWN 0 MarkGurwell
1549+026        15 49 29.4370 +02 37 01.1630 0 0 2000 UNKNOWN 0 MarkGurwell
1549+506        15 49 17.4690 +50 38 05.7880 0 0 2000 UNKNOWN 0 Shigechan
1550+054        15 50 35.2690 +05 27 10.4480 0 0 2000 UNKNOWN 0 MarkGurwell
1551+130        15 53 32.6978 +12 56 51.7160 0 0 2000 UNKNOWN 0 NRAO
1553+129        15 53 32.6978 +12 56 51.7160 0 0 2000 UNKNOWN 0 NRAO
1606+106        16 08 46.2030 +10 29 07.7750 0 0 2000 UNKNOWN 0 MarkGurwell
1608+104        16 08 46.2030 +10 29 07.7750 0 0 2000 UNKNOWN 0 MarkGurwell
1611+343        16 13 41.0640 +34 12 47.9090 0 0 2000 UNKNOWN 0 MarkGurwell
1613+342        16 13 41.0640 +34 12 47.9090 0 0 2000 UNKNOWN 0 MarkGurwell
1615+029        16 17 49.9081 +02 46 43.1050 0 0 2000 UNKNOWN 0 NRAO
1617+027        16 17 49.9081 +02 46 43.1050 0 0 2000 UNKNOWN 0 NRAO
1617+229        16 19 14.8246 +22 47 47.8510 0 0 2000 UNKNOWN 0 NRAO
1619+227        16 19 14.8246 +22 47 47.8510 0 0 2000 UNKNOWN 0 NRAO
1622-253        16 25 46.8920 -25 27 38.3260 0 0 2000 UNKNOWN 0 MarkGurwell
1622-297        16 26 06.0210 -29 51 26.9710 0 0 2000 UNKNOWN 0 MarkGurwell
1625-254        16 25 46.8920 -25 27 38.3260 0 0 2000 UNKNOWN 0 MarkGurwell
1626-298        16 26 06.0210 -29 51 26.9710 0 0 2000 UNKNOWN 0 MarkGurwell
1632+825        16 32 31.9700 +82 32 16.3990 0 0 2000 UNKNOWN 0 Shigechan
1633+382        16 35 15.4930 +38 08 04.5000 0 0 2000 UNKNOWN 0 MarkGurwell
1635+381        16 35 15.4930 +38 08 04.5000 0 0 2000 UNKNOWN 0 MarkGurwell
1637+472        16 37 45.1310 +47 17 33.8360 0 0 2000 UNKNOWN 0 Shigechan
1637+574        16 38 13.4560 +57 20 23.9790 0 0 2000 UNKNOWN 0 MarkGurwell
1638+573        16 38 13.4560 +57 20 23.9790 0 0 2000 UNKNOWN 0 MarkGurwell
1640+397        16 40 29.6330 +39 46 46.0280 0 0 2000 UNKNOWN 0 Shigechan
1641+399        16 42 58.8100 +39 48 36.9930 0 0 2000 UNKNOWN 0 MarkGurwell
1642+398        16 42 58.8100 +39 48 36.9930 0 0 2000 UNKNOWN 0 MarkGurwell
3c345           16 42 58.8100 +39 48 36.9930 0 0 2000 UNKNOWN 0 MarkGurwell
1642+689        16 42 07.8490 +68 56 39.7560 0 0 2000 UNKNOWN 0 Marks_list
1653+397        16 53 52.2170 +39 45 36.6080 0 0 2000 UNKNOWN 0 Shigechan
1655+077        16 58 09.0110 +07 41 27.5400 0 0 2000 UNKNOWN 0 MarkGurwell
1656+347        16 58 01.4192 +34 43 28.4020 0 0 2000 UNKNOWN 0 NRAO
1656+477        16 58 02.7800 +47 37 49.2310 0 0 2000 UNKNOWN 0 MarkGurwell
1657-261        17 00 53.1540 -26 10 51.7250 0 0 2000 UNKNOWN 0 MarkGurwell
1658+076        16 58 09.0110 +07 41 27.5400 0 0 2000 UNKNOWN 0 MarkGurwell
1658+347        16 58 01.4192 +34 43 28.4020 0 0 2000 UNKNOWN 0 NRAO
1658+476        16 58 02.7800 +47 37 49.2310 0 0 2000 UNKNOWN 0 MarkGurwell
1700-261        17 00 53.1540 -26 10 51.7250 0 0 2000 UNKNOWN 0 MarkGurwell
1707+018        17 07 34.4150 +01 48 45.6990 0 0 2000 UNKNOWN 0 Shigechan
1713-269        17 13 31.2756 -26 58 52.5230 0 0 2000 UNKNOWN 0 SRHostler
1716+686        17 16 13.9380 +68 36 38.7400 0 0 2000 UNKNOWN 0 Shigechan
1719+177        17 19 13.0480 +17 45 06.4370 0 0 2000 UNKNOWN 0 Shigechan
1725+044        17 28 24.9530 +04 27 04.9130 0 0 2000 UNKNOWN 0 MarkGurwell
1726+455        17 27 27.6510 +45 30 39.7310 0 0 2000 UNKNOWN 0 MarkGurwell
1727+455        17 27 27.6510 +45 30 39.7310 0 0 2000 UNKNOWN 0 MarkGurwell
1728+044        17 28 24.9530 +04 27 04.9130 0 0 2000 UNKNOWN 0 MarkGurwell
1730-130        17 33 02.7060 -13 04 49.5480 0 0 2000 UNKNOWN 0 MarkGurwell
1732+094        17 34 58.3769 +09 26 58.2600 0 0 2000 UNKNOWN 0 NRAO
1733-130        17 33 02.7060 -13 04 49.5480 0 0 2000 UNKNOWN 0 MarkGurwell
nrao530         17 33 02.7060 -13 04 49.5480 0 0 2000 UNKNOWN 0 MarkGurwell
1734+094        17 34 58.3769 +09 26 58.2600 0 0 2000 UNKNOWN 0 NRAO
1734+389        17 34 20.5790 +38 57 51.4430 0 0 2000 UNKNOWN 0 Shigechan
1737+063        17 37 13.7300 +06 21 03.5280 0 0 2000 UNKNOWN 0 Shigechan
1739+499        17 39 27.3900 +49 55 03.3680 0 0 2000 UNKNOWN 0 Shigechan
1739+522        17 40 36.9780 +52 11 43.4070 0 0 2000 UNKNOWN 0 MarkGurwell
1740+521        17 40 36.9780 +52 11 43.4070 0 0 2000 UNKNOWN 0 MarkGurwell
1741-038        17 43 58.8560 -03 50 04.6160 0 0 2000 UNKNOWN 0 MarkGurwell
1743-038        17 43 58.8560 -03 50 04.6160 0 0 2000 UNKNOWN 0 MarkGurwell
1744-312        17 44 23.5830 -31 16 35.9860 0 0 2000 UNKNOWN 0 Shigechan
1751+096        17 51 32.8190 +09 39 00.7280 0 0 2000 UNKNOWN 0 MarkGurwell
J1751+0939      17 51 32.8190 +09 39 00.7280 0 0 2000 UNKNOWN 0 MarkGurwell
1751+288        17 53 42.4800 +28 48 04.9000 0 0 2000 UNKNOWN 0 MarkGurwell
1756+237        17 59 00.3580 +23 43 46.9530 0 0 2000 UNKNOWN 0 NRAO
1759+237        17 59 00.3580 +23 43 46.9530 0 0 2000 UNKNOWN 0 NRAO
1800+388        18 00 24.7650 +38 48 30.6970 0 0 2000 UNKNOWN 0 Shigechan
1800+440        18 01 32.3150 +44 04 21.9000 0 0 2000 UNKNOWN 0 MarkGurwell
1800+784        18 00 45.6840 +78 28 04.0180 0 0 2000 UNKNOWN 0 MarkGurwell
1801+440        18 01 32.3150 +44 04 21.9000 0 0 2000 UNKNOWN 0 MarkGurwell
1803+784        18 00 45.6840 +78 28 04.0180 0 0 2000 UNKNOWN 0 MarkGurwell
1806+698        18 06 50.6810 +69 49 28.1080 0 0 2000 UNKNOWN 0 MarkGurwell
1807+698        18 06 50.6810 +69 49 28.1080 0 0 2000 UNKNOWN 0 MarkGurwell
3c371           18 06 50.6810 +69 49 28.1080 0 0 2000 UNKNOWN 0 MarkGurwell
1810-068        18 12 50.9419 -06 48 23.8530 0 0 2000 UNKNOWN 0 NRAO
1812-068        18 12 50.9419 -06 48 23.8530 0 0 2000 UNKNOWN 0 NRAO
1820+397        18 21 59.7006 +39 45 59.6560 0 0 2000 UNKNOWN 0 NRAO
1821+397        18 21 59.7006 +39 45 59.6560 0 0 2000 UNKNOWN 0 NRAO
1823+568        18 24 07.0680 +56 51 01.4900 0 0 2000 UNKNOWN 0 MarkGurwell
1824+568        18 24 07.0680 +56 51 01.4900 0 0 2000 UNKNOWN 0 MarkGurwell
1828+487        18 29 31.7830 +48 44 46.1610 0 0 2000 UNKNOWN 0 MarkGurwell
3c380           18 29 31.7830 +48 44 46.1610 0 0 2000 UNKNOWN 0 MarkGurwell
1829+487        18 29 31.7830 +48 44 46.1610 0 0 2000 UNKNOWN 0 MarkGurwell
1830+063        18 30 05.9400 +06 19 15.9410 0 0 2000 UNKNOWN 0 Shigechan
1830-210        18 33 39.9066 -21 03 40.2138 0 0 2000 UNKNOWN 0 NRAO
1833-210        18 33 39.9066 -21 03 40.2138 0 0 2000 UNKNOWN 0 NRAO
1842+681        18 42 33.6420 +68 09 25.2270 0 0 2000 UNKNOWN 0 marklist
1843+356        18 45 35.1088 +35 41 16.7260 0 0 2000 UNKNOWN 0 NRAO
1845+356        18 45 35.1088 +35 41 16.7260 0 0 2000 UNKNOWN 0 NRAO
1846+322        18 48 22.0885 +32 19 02.6030 0 0 2000 UNKNOWN 0 NRAO
1846+326        18 48 34.3611 +32 44 00.1390 0 0 2000 UNKNOWN 0 NRAO
1848+323        18 48 22.0885 +32 19 02.6030 0 0 2000 UNKNOWN 0 NRAO
1848+327        18 48 34.3611 +32 44 00.1390 0 0 2000 UNKNOWN 0 NRAO
1849+670        18 49 16.0720 +67 05 41.6800 0 0 2000 UNKNOWN 0 MarkGurwell
1908-201        19 11 09.6530 -20 06 55.1090 0 0 2000 UNKNOWN 0 MarkGurwell
1911-201        19 11 09.6530 -20 06 55.1090 0 0 2000 UNKNOWN 0 MarkGurwell
1921-293        19 24 51.0560 -29 14 30.1210 0 0 2000 UNKNOWN 0 MarkGurwell
1923+210        19 25 59.6050 +21 06 26.1610 0 0 2000 UNKNOWN 0 MarkGurwell
1924+156        19 24 39.4550 +15 40 43.9390 0 0 2000 UNKNOWN 0 Shigechan
1924-292        19 24 51.0560 -29 14 30.1210 0 0 2000 UNKNOWN 0 MarkGurwell
1925+211        19 25 59.6050 +21 06 26.1610 0 0 2000 UNKNOWN 0 MarkGurwell
1926+611        19 27 30.4426 +61 17 32.8790 0 0 2000 UNKNOWN 0 NRAO
1927+612        19 27 30.4426 +61 17 32.8790 0 0 2000 UNKNOWN 0 NRAO
1927+739        19 27 48.4950 +73 58 01.5690 0 0 2000 UNKNOWN 0 MarkGurwell
1928+738        19 27 48.4950 +73 58 01.5690 0 0 2000 UNKNOWN 0 MarkGurwell
1954+513        19 55 42.7380 +51 31 48.5460 0 0 2000 UNKNOWN 0 MarkGurwell
1955+515        19 55 42.7380 +51 31 48.5460 0 0 2000 UNKNOWN 0 MarkGurwell
1958-179        20 00 57.0900 -17 48 57.6720 0 0 2000 UNKNOWN 0 MarkGurwell
2000-178        20 00 57.0900 -17 48 57.6720 0 0 2000 UNKNOWN 0 MarkGurwell
2005+403        20 07 44.9450 +40 29 48.6040 0 0 2000 UNKNOWN 0 MarkGurwell
2005+778        20 05 30.9980 +77 52 43.2470 0 0 2000 UNKNOWN 0 MarkGurwell
2007+404        20 07 44.9450 +40 29 48.6040 0 0 2000 UNKNOWN 0 MarkGurwell
2007+777        20 05 30.9980 +77 52 43.2470 0 0 2000 UNKNOWN 0 MarkGurwell
2008-159        20 11 15.7110 -15 46 40.2530 0 0 2000 UNKNOWN 0 MarkGurwell
2009+724        20 09 52.3020 +72 29 19.3590 0 0 2000 UNKNOWN 0 Shigechan
2011-157        20 11 15.7110 -15 46 40.2530 0 0 2000 UNKNOWN 0 MarkGurwell
2012+464        20 12 05.6370 +46 28 55.7870 0 0 2000 UNKNOWN 0 Shigechan
2013+370        20 15 28.7298 +37 10 59.5147 0 0 2000 UNKNOWN 0 MarkGurwell
2015+371        20 15 28.7298 +37 10 59.5147 0 0 2000 UNKNOWN 0 MarkGurwell
2016+165        20 16 13.8610 +16 32 34.1480 0 0 2000 UNKNOWN 0 Shigechan
2021+317        20 23 19.0170 +31 53 02.3050 0 0 2000 UNKNOWN 0 MarkGurwell
2022+031        20 25 09.6321 +03 16 44.5050 0 0 2000 UNKNOWN 0 NRAO
2023+318        20 23 19.0170 +31 53 02.3050 0 0 2000 UNKNOWN 0 MarkGurwell
2023+336        20 25 10.8420 +33 43 00.2140 0 0 2000 UNKNOWN 0 MarkGurwell
2025+032        20 25 09.6321 +03 16 44.5050 0 0 2000 UNKNOWN 0 NRAO
2025+337        20 25 10.8420 +33 43 00.2140 0 0 2000 UNKNOWN 0 MarkGurwell
2032+107        20 35 22.3333 +10 56 06.7890 0 0 2000 UNKNOWN 0 NRAO
2035+109        20 35 22.3333 +10 56 06.7890 0 0 2000 UNKNOWN 0 NRAO
2037+511        20 38 37.0350 +51 19 12.6620 0 0 2000 UNKNOWN 0 MarkGurwell
3c418           20 38 37.0350 +51 19 12.6620 0 0 2000 UNKNOWN 0 MarkGurwell
2038+513        20 38 37.0350 +51 19 12.6620 0 0 2000 UNKNOWN 0 MarkGurwell
2044-168        20 47 19.6670 -16 39 05.8420 0 0 2000 UNKNOWN 0 NRAO
2047+039        20 50 06.2406 +04 07 48.8900 0 0 2000 UNKNOWN 0 NRAO
2047-166        20 47 19.6670 -16 39 05.8420 0 0 2000 UNKNOWN 0 NRAO
2049+100        20 49 45.8640 +10 03 14.3580 0 0 2000 UNKNOWN 0 Shigechan
2050+041        20 50 06.2406 +04 07 48.8900 0 0 2000 UNKNOWN 0 NRAO
2050+364        20 52 52.0549 +36 35 35.3000 0 0 2000 UNKNOWN 0 NRAO
2052+365        20 52 52.0549 +36 35 35.3000 0 0 2000 UNKNOWN 0 NRAO
2054-377        20 57 41.6034 -37 34 02.9890 0 0 2000 UNKNOWN 0 NRAO
2057-375        20 57 41.6034 -37 34 02.9890 0 0 2000 UNKNOWN 0 NRAO
2058-297n       21 01 01.6599 -29 33 27.8360 0 0 2000 UNKNOWN 0 NRAO
2059+034        21 01 38.8340 +03 41 31.3200 0 0 2000 UNKNOWN 0 MarkGurwell
2101+036        21 01 38.8340 +03 41 31.3200 0 0 2000 UNKNOWN 0 MarkGurwell
2101-295n       21 01 01.6599 -29 33 27.8360 0 0 2000 UNKNOWN 0 NRAO
2107+353        21 09 31.8780 +35 32 57.6020 0 0 2000 UNKNOWN 0 MarkGurwell
2109+355        21 09 31.8780 +35 32 57.6020 0 0 2000 UNKNOWN 0 MarkGurwell
2121+053        21 23 44.5170 +05 35 22.0930 0 0 2000 UNKNOWN 0 MarkGurwell
2123+055        21 23 44.5170 +05 35 22.0930 0 0 2000 UNKNOWN 0 MarkGurwell
2126-185n       21 29 21.4190 -18 21 22.7900 0 0 2000 UNKNOWN 0 NRAO
2128-123        21 31 35.2620 -12 07 04.7960 0 0 2000 UNKNOWN 0 MarkGurwell
2129-183n       21 29 21.4190 -18 21 22.7900 0 0 2000 UNKNOWN 0 NRAO
2131-021        21 34 10.3100 -01 53 17.2390 0 0 2000 UNKNOWN 0 MarkGurwell
2131-121        21 31 35.2620 -12 07 04.7960 0 0 2000 UNKNOWN 0 MarkGurwell
2134+004        21 36 38.5860 +00 41 54.2130 0 0 2000 UNKNOWN 0 MarkGurwell
2134-018        21 34 10.3100 -01 53 17.2390 0 0 2000 UNKNOWN 0 MarkGurwell
2135-248n       21 38 37.1811 -24 39 54.4660 0 0 2000 UNKNOWN 0 NRAO
2136+006        21 36 38.5860 +00 41 54.2130 0 0 2000 UNKNOWN 0 MarkGurwell
2138-246n       21 38 37.1811 -24 39 54.4660 0 0 2000 UNKNOWN 0 NRAO
2139+143        21 39 01.3090 +14 23 35.9920 0 0 2000 UNKNOWN 0 Shigechan
2140-048n       21 42 36.9016 -04 37 43.5120 0 0 2000 UNKNOWN 0 NRAO
2142-046n       21 42 36.9016 -04 37 43.5120 0 0 2000 UNKNOWN 0 NRAO
2145+067        21 48 05.4590 +06 57 38.6040 0 0 2000 UNKNOWN 0 MarkGurwell
2147+094        21 47 10.1630 +09 29 46.6720 0 0 2000 UNKNOWN 0 Shigechan
2148+069        21 48 05.4590 +06 57 38.6040 0 0 2000 UNKNOWN 0 MarkGurwell
2149+069n       21 51 31.4293 +07 09 26.7830 0 0 2000 UNKNOWN 0 NRAO
2151+071n       21 51 31.4293 +07 09 26.7830 0 0 2000 UNKNOWN 0 NRAO
2152+175        21 52 24.8190 +17 34 37.7940 0 0 2000 UNKNOWN 0 Shigechan
2155-152        21 58 06.2820 -15 01 09.3270 0 0 2000 UNKNOWN 0 MarkGurwell
2158-150        21 58 06.2820 -15 01 09.3270 0 0 2000 UNKNOWN 0 MarkGurwell
2200+420        22 02 43.2910 +42 16 39.9790 0 0 2000 UNKNOWN 0 MarkGurwell
bllac           22 02 43.2910 +42 16 39.9790 0 0 2000 UNKNOWN 0 MarkGurwell
2201+315        22 03 14.9760 +31 45 38.2690 0 0 2000 UNKNOWN 0 MarkGurwell
2202+422        22 02 43.2910 +42 16 39.9790 0 0 2000 UNKNOWN 0 MarkGurwell
2203+174        22 03 26.8950 +17 25 48.2680 0 0 2000 UNKNOWN 0 Shigechan
2203+317        22 03 14.9760 +31 45 38.2690 0 0 2000 UNKNOWN 0 MarkGurwell
2213-254        22 13 02.4980 -25 29 30.0790 0 0 2000 UNKNOWN 0 Shigechan
2216-038        22 18 52.0380 -03 35 36.8790 0 0 2000 UNKNOWN 0 MarkGurwell
2217+243        22 17 00.8230 +24 21 45.9980 0 0 2000 UNKNOWN 0 Shigechan
2218-035        22 18 52.0380 -03 35 36.8790 0 0 2000 UNKNOWN 0 MarkGurwell
2223-052        22 25 47.2590 -04 57 01.3900 0 0 2000 UNKNOWN 0 MarkGurwell
3c446           22 25 47.2590 -04 57 01.3900 0 0 2000 UNKNOWN 0 MarkGurwell
2225-049        22 25 47.2590 -04 57 01.3900 0 0 2000 UNKNOWN 0 MarkGurwell
2227-088        22 29 40.0840 -08 32 54.4350 0 0 2000 UNKNOWN 0 MarkGurwell
2229-085        22 29 40.0840 -08 32 54.4350 0 0 2000 UNKNOWN 0 MarkGurwell
2230+114        22 32 36.4090 +11 43 50.9040 0 0 2000 UNKNOWN 0 MarkGurwell
2232+117        22 32 36.4090 +11 43 50.9040 0 0 2000 UNKNOWN 0 MarkGurwell
2234+282        22 36 22.4710 +28 28 57.4130 0 0 2000 UNKNOWN 0 MarkGurwell
2236+284        22 36 22.4710 +28 28 57.4130 0 0 2000 UNKNOWN 0 MarkGurwell
2243-123        22 46 18.2320 -12 06 51.2770 0 0 2000 UNKNOWN 0 MarkGurwell
2245+029        22 47 58.6820 +03 10 42.3470 0 0 2000 UNKNOWN 0 MarkGurwell
2246-121        22 46 18.2320 -12 06 51.2770 0 0 2000 UNKNOWN 0 MarkGurwell
2247+031        22 47 58.6820 +03 10 42.3470 0 0 2000 UNKNOWN 0 MarkGurwell
2251+158        22 53 57.7480 +16 08 53.5630 0 0 2000 UNKNOWN 0 MarkGurwell
3c454.3         22 53 57.7480 +16 08 53.5630 0 0 2000 UNKNOWN 0 MarkGurwell
2253+161        22 53 57.7480 +16 08 53.5630 0 0 2000 UNKNOWN 0 MarkGurwell
2255-282        22 58 05.9630 -27 58 21.2560 0 0 2000 UNKNOWN 0 MarkGurwell
2258-279        22 58 05.9630 -27 58 21.2560 0 0 2000 UNKNOWN 0 MarkGurwell
2259-375        23 02 23.8905 -37 18 06.8420 0 0 2000 UNKNOWN 0 NRAO
2301+374        23 01 27.7370 +37 26 49.2450 0 0 2000 UNKNOWN 0 markscatalog
2302-373        23 02 23.8905 -37 18 06.8420 0 0 2000 UNKNOWN 0 NRAO
2305+145        23 07 33.9664 +14 50 18.4050 0 0 2000 UNKNOWN 0 NRAO
2307+148        23 07 33.9664 +14 50 18.4050 0 0 2000 UNKNOWN 0 NRAO
2311+344        23 11 05.3290 +34 25 10.9000 0 0 2000 UNKNOWN 0 Shigechan
2320+052        23 20 44.8570 +05 13 49.9520 0 0 2000 UNKNOWN 0 markslist
2321+275        23 21 59.8620 +27 32 46.4430 0 0 2000 UNKNOWN 0 markslist
2325+093        23 27 33.5810 +09 40 09.4600 0 0 2000 UNKNOWN 0 MarkGurwell
2327+096        23 27 33.5810 +09 40 09.4600 0 0 2000 UNKNOWN 0 MarkGurwell
2331+073        23 34 12.8280 +07 36 27.5440 0 0 2000 UNKNOWN 0 MarkGurwell
2334+076        23 34 12.8280 +07 36 27.5440 0 0 2000 UNKNOWN 0 MarkGurwell
2345-167        23 48 02.6080 -16 31 12.0220 0 0 2000 UNKNOWN 0 MarkGurwell
2348-165        23 48 02.6080 -16 31 12.0220 0 0 2000 UNKNOWN 0 MarkGurwell
2354+458        23 54 21.6800 +45 53 04.2360 0 0 2000 UNKNOWN 0 markslist
mucep           21 43 30.4460 +58 46 48.8000 0 0 2000 VLSR   26 BAUDRY:ETAL:1995:AA:293
nmlcyg          20 46 25.5320 +40 06 59.3500 0 0 2000 VLSR   -7 BAUDRY:ETAL:1995:AA:293
NMLTau          03 53 28.8500 +11 24 22.2000 0 0 2000 VLSR    0 Knapp_1988_private_rtm
NRAO530         17 33 02.7060 -13 04 49.5480 0 0 2000 UNKNOWN 0 MarkGurwell
oriirc2         05 35 14.4980 -05 22 30.7000 0 0 2000 VLSR   16 BAUDRY:ETAL:1995:AA:293
rcas            23 58 24.7810 +51 23 19.1000 0 0 2000 VLSR   25.7 BAUDRY:ETAL:1995:AA:293
rcnc            08 16 33.8260 +11 43 34.6000 0 0 2000 VLSR   14 BAUDRY:ETAL:1995:AA:293
rleo            09 47 33.4900 +11 25 43.9900 0 0 2000 VLSR    3 BAUDRY:ETAL:1995:AA:293
rpeg            23 06 39.1570 +10 32 36.0700 0 0 2000 VLSR   24 BAUDRY:ETAL:1995:AA:293
ruher           16 10 14.5190 +25 04 14.4100 0 0 2000 VLSR   -9 BAUDRY:ETAL:1995:AA:293
rxboo           14 24 11.6090 +25 42 13.7300 0 0 2000 VLSR    3 BAUDRY:ETAL:1995:AA:293
sper            02 22 51.7130 +58 35 11.5000 0 0 2000 VLSR  -39 BAUDRY:ETAL:1995:AA:293
txcam           05 00 51.1270 +56 10 53.9800 0 0 2000 VLSR    7 BAUDRY:ETAL:1995:AA:293
uori            05 55 49.1710 +20 10 30.3400 0 0 2000 VLSR   40 BAUDRY:ETAL:1995:AA:293
vxsgr           18 08 04.0620 -22 13 27.3000 0 0 2000 VLSR    4 BAUDRY:ETAL:1995:AA:293
WAql            19 15 23.3700 -07 02 49.4000 0 0 2000 VLSR    1 Knapp_1988_private_rtm
0446+112 04 49 07.6711 +11 21 28.5960 0 0 2000 UNKNOWN 0 UNKNOWN
0449+113 04 49 07.6711 +11 21 28.5960 0 0 2000 UNKNOWN 0 UNKNOWN
whyasio 13 49 02.0530 -28 22 02.5000 0 0 2000 VLSR 41 UNKNOWN
vycma   07 22 58.266  -25 46 03.4100 0 0 2000 VLSR 22 Simbad
rleo    09 47 33.490  +11 25 43.990  0 0 2000 VLSR 3 UNKNOWN
IRC+10216 09 47 57.390 +13 16 43.900 0 0 2000 VLSR -26.2 Knapp
Orion-KL 05 35 14.505 -05 22 30.45 0 0 2000 VLSR 8.0 Beuther
arp220 15 34 57.19 23 30 11.3 0 0 2000 VLSR 0.0 Sakamoto
g240 07 44 52.0 -24 07 42.6 0 0 2000 VLSR 67.5 Unknown
sgrastar 17 45 40.0409 -29 00 28.118 0 0 2000 VLSR 0 unknown
sgrb2n 17 47 19.878 -28 22 18.385 0 0 2000 VLSR 0 unknown
twhya  11 01 51.88 -34 42 17.2 0 0 2000 VLSR 2.8 unknown
crl618 04 42 53.67 +36 06 53.2 0 0 2000 VLSR -20.0 Gammie
bnkl1 05 35 14.120 -5 22 23.200 0 0 2000 VLSR 8.9 CSO
1827+062 18 30 05.9398 +06 19 15.9520 0 0 2000 UNKNOWN 0 NRAO
n1156-iso 02 59 42.155 +25 14 14.8 0 0 2000 UNKNOWN 0 unknown 
sickle   17 46 12.3    -28 48 22     0 0 2000 VLSR -25 Dan
mira 02 19 20.720 -2 58 27.700 0 0 2000 VLSR 46.8 TODD
i1629a 16 32 22.900 -24 28 36.000 0 0 2000 VLSR 4.0 ram
cepa2 22 56 18.000 +62 01 49.500 0 0 2000 VLSR -11.0 crystal/ram
n7538i1 23 13 45.360 +61 28 10.6 0 0 2000 VLSR -56.0 ram
hltau 04 31 38.410 +18 13 57.8 0 0 2000 VLSR 6.2 ram
dgtau    04 27 04.76   +26 06 16.9   0 0 2000 VLSR 7.0 Dan
l1551i5	04 31 34.14 +18 08 05.1 0 0 2000 VLSR 6.2 ram
ngc315   00 57 48.8830 +30 21 08.8110 0 0 2000 UNKNOWN 0 Shigechan
0055+300 00 57 48.8830 +30 21 08.8110 0 0 2000 UNKNOWN 0 Shigechan
0420+417 04 23 56.0097 +41 50 02.712 0 0 2000 UNKNOWN 0 Richard
0423+418 04 23 56.0097 +41 50 02.712 0 0 2000 UNKNOWN 0 Richard
0451-282 04 53 14.6468 -28 07 37.327 0 0 2000 UNKNOWN 0 Richard
0453-281 04 53 14.6468 -28 07 37.327 0 0 2000 UNKNOWN 0 Richard
0454-234 04 57 03.1792 -23 24 52.020 0 0 2000 UNKNOWN 0 Richard
0457-234 04 57 03.1792 -23 24 52.020 0 0 2000 UNKNOWN 0 Richard
0502+049 05 05 23.1847 +04 59 42.724 0 0 2000 UNKNOWN 0 Richard
0505+049 05 05 23.1847 +04 59 42.724 0 0 2000 UNKNOWN 0 Richard
0521-365 05 22 57.9846 -36 27 30.850 0 0 2000 UNKNOWN 0 Richard
0522-364 05 22 57.9846 -36 27 30.850 0 0 2000 UNKNOWN 0 Richard
3c147    05 42 36.1379 +49 51 07.233 0 0 2000 UNKNOWN 0 Shigechan
0538+498 05 42 36.1379 +49 51 07.233 0 0 2000 UNKNOWN 0 Shigechan
0542+498 05 42 36.1379 +49 51 07.233 0 0 2000 UNKNOWN 0 Shigechan
0646-306 06 48 14.0964 -30 44 19.659 0 0 2000 UNKNOWN 0 Richard
0648-307 06 48 14.0964 -30 44 19.659 0 0 2000 UNKNOWN 0 Richard
0805-077 08 08 15.5360 -07 51 09.886 0 0 2000 UNKNOWN 0 Richard
0808-078 08 08 15.5360 -07 51 09.886 0 0 2000 UNKNOWN 0 Richard
3c274    12 30 49.4233 +12 23 28.043 0 0 2000 UNKNOWN 0 Richard
m87      12 30 49.4233 +12 23 28.043 0 0 2000 UNKNOWN 0 Richard
1228+126 12 30 49.4233 +12 23 28.043 0 0 2000 UNKNOWN 0 Richard
1230+123 12 30 49.4233 +12 23 28.043 0 0 2000 UNKNOWN 0 Richard
3c309.1  14 59 07.5838 +71 40 19.867 0 0 2000 UNKNOWN 0 Shigechan
1458+718 14 59 07.5838 +71 40 19.867 0 0 2000 UNKNOWN 0 Shigechan
1459+716 14 59 07.5838 +71 40 19.867 0 0 2000 UNKNOWN 0 Shigechan
1751+288 17 53 42.4736 +28 48 04.939 0 0 2000 UNKNOWN 0 Richard
1753+288 17 53 42.4736 +28 48 04.939 0 0 2000 UNKNOWN 0 Richard
3c395    19 02 55.9388 +31 59 41.702 0 0 2000 UNKNOWN 0 Shigechan
1901+319 19 02 55.9388 +31 59 41.702 0 0 2000 UNKNOWN 0 Shigechan
1902+319 19 02 55.9388 +31 59 41.702 0 0 2000 UNKNOWN 0 Shigechan
1920-211 19 23 32.1898 -21 04 33.333 0 0 2000 UNKNOWN 0 Richard
1923-210 19 23 32.1898 -21 04 33.333 0 0 2000 UNKNOWN 0 Richard
2201+171 22 03 26.8936 +17 25 48.247 0 0 2000 UNKNOWN 0 Richard
2203+174 22 03 26.8936 +17 25 48.247 0 0 2000 UNKNOWN 0 Richard
2320-035 23 23 31.9537 -03 17 05.023 0 0 2000 UNKNOWN 0 Richard
2323-032 23 23 31.9537 -03 17 05.023 0 0 2000 UNKNOWN 0 Richard
2331-240 23 33 55.2378 -23 43 40.657 0 0 2000 UNKNOWN 0 Richard
2333-237 23 33 55.2378 -23 43 40.657 0 0 2000 UNKNOWN 0 Richard
0104-408  01 06 45.107966  -40 34 19.960360 0 0 2000 UNKNOWN 0 Sherry
0106-405  01 06 45.107966  -40 34 19.960360 0 0 2000 UNKNOWN 0 Sherry
0112-017  01 15 17.099972  -01 27 04.577370 0 0 2000 UNKNOWN 0 Sherry+
0115-014  01 15 17.099972  -01 27 04.577370 0 0 2000 UNKNOWN 0 Sherry+
0118-272  01 20 31.663334  -27 01 24.652570 0 0 2000 UNKNOWN 0 Sherry+
0120-270  01 20 31.663334  -27 01 24.652570 0 0 2000 UNKNOWN 0 Sherry+
0202-172  02 04 57.674350  -17 01 19.840180 0 0 2000 UNKNOWN 0 Sherry
0204-170  02 04 57.674350  -17 01 19.840180 0 0 2000 UNKNOWN 0 Sherry
0220-349  02 22 56.401625  -34 41 28.730110 0 0 2000 UNKNOWN 0 Sherry
0222-346  02 22 56.401625  -34 41 28.730110 0 0 2000 UNKNOWN 0 Sherry
0332-403  03 34 13.654494  -40 08 25.397980 0 0 2000 UNKNOWN 0 Sherry
0334-401  03 34 13.654494  -40 08 25.397980 0 0 2000 UNKNOWN 0 Sherry
0338-214  03 40 35.607864  -21 19 31.172230 0 0 2000 UNKNOWN 0 Sherry
0340-213  03 40 35.607864  -21 19 31.172230 0 0 2000 UNKNOWN 0 Sherry
0402-317  04 02 21.266027  -31 47 25.945580 0 0 2000 UNKNOWN 0 Wilner
0402-362  04 03 53.749908  -36 05 01.913200 0 0 2000 UNKNOWN 0 Sherry
0403-360  04 03 53.749908  -36 05 01.913200 0 0 2000 UNKNOWN 0 Sherry
0405-385  04 06 59.035347  -38 26 28.042060 0 0 2000 UNKNOWN 0 Sherry
0406-384  04 06 59.035347  -38 26 28.042060 0 0 2000 UNKNOWN 0 Sherry
0422-380  04 24 42.243727  -37 56 20.784230 0 0 2000 UNKNOWN 0 Sherry
0424-379  04 24 42.243727  -37 56 20.784230 0 0 2000 UNKNOWN 0 Sherry
0426-380  04 28 40.424306  -37 56 19.580310 0 0 2000 UNKNOWN 0 Sherry
0428-379  04 28 40.424306  -37 56 19.580310 0 0 2000 UNKNOWN 0 Sherry
0438-436  04 40 17.179992  -43 33 08.604060 0 0 2000 UNKNOWN 0 Sherry
0440-435  04 40 17.179992  -43 33 08.604060 0 0 2000 UNKNOWN 0 Sherry
0537-441  05 38 50.361551  -44 05 08.939080 0 0 2000 UNKNOWN 0 Sherry
0538-440  05 38 50.361551  -44 05 08.939080 0 0 2000 UNKNOWN 0 Sherry
0537-286  05 39 54.281429  -28 39 55.947450 0 0 2000 UNKNOWN 0 Sherry
0539-286  05 39 54.281429  -28 39 55.947450 0 0 2000 UNKNOWN 0 Sherry
0646-306  06 48 14.096441  -30 44 19.659400 0 0 2000 UNKNOWN 0 Sherry
0648-307  06 48 14.096441  -30 44 19.659400 0 0 2000 UNKNOWN 0 Sherry
0823-223  08 26 01.572909  -22 30 27.202110 0 0 2000 UNKNOWN 0 Sherry
0826-225  08 26 01.572909  -22 30 27.202110 0 0 2000 UNKNOWN 0 Sherry
0859-140  09 02 16.830907  -14 15 30.875380 0 0 2000 UNKNOWN 0 Sherry+
0902-142  09 02 16.830907  -14 15 30.875380 0 0 2000 UNKNOWN 0 Sherry+
0925-203  09 27 51.824323  -20 34 51.232660 0 0 2000 UNKNOWN 0 Sherryx
0927-205  09 27 51.824323  -20 34 51.232660 0 0 2000 UNKNOWN 0 Sherryx
1032-199  10 35 02.155274  -20 11 34.359750 0 0 2000 UNKNOWN 0 Sherry+
1035-201  10 35 02.155274  -20 11 34.359750 0 0 2000 UNKNOWN 0 Sherry+
1144-379  11 47 01.370704  -38 12 11.023530 0 0 2000 UNKNOWN 0 Sherry
1147-382  11 47 01.370704  -38 12 11.023530 0 0 2000 UNKNOWN 0 Sherry
1243-072  12 46 04.232113  -07 30 46.574500 0 0 2000 UNKNOWN 0 Sherry+
1246-075  12 46 04.232113  -07 30 46.574500 0 0 2000 UNKNOWN 0 Sherry+
1302-102  13 05 33.015026  -10 33 19.428210 0 0 2000 UNKNOWN 0 Sherry
1305-105  13 05 33.015026  -10 33 19.428210 0 0 2000 UNKNOWN 0 Sherry
cena      13 25 27.615544  -43 01 08.80365  0 0 2000 UNKNOWN 0 Sherry
1322-427  13 25 27.615544  -43 01 08.80365  0 0 2000 UNKNOWN 0 Sherry
1325-430  13 25 27.615544  -43 01 08.80365  0 0 2000 UNKNOWN 0 Sherry
1406-076  14 08 56.481200  -07 52 26.666330 0 0 2000 UNKNOWN 0 Sherry
1408-078  14 08 56.481200  -07 52 26.666330 0 0 2000 UNKNOWN 0 Sherry
1421-490  14 24 32.28      -49 13 49.30     0 0 2000 UNKNOWN 0 Sherry
1424-492  14 24 32.28      -49 13 49.30     0 0 2000 UNKNOWN 0 Sherry
1424-418  14 27 56.297560  -42 06 19.437620 0 0 2000 UNKNOWN 0 Sherry
1427-421  14 27 56.297560  -42 06 19.437620 0 0 2000 UNKNOWN 0 Sherry
1451-375  14 54 27.409764  -37 47 33.144830 0 0 2000 UNKNOWN 0 Sherry
1454-377  14 54 27.409764  -37 47 33.144830 0 0 2000 UNKNOWN 0 Sherry
1451-400  14 54 32.912371  -40 12 32.514390 0 0 2000 UNKNOWN 0 Sherry+
1454-402  14 54 32.912371  -40 12 32.514390 0 0 2000 UNKNOWN 0 Sherry+
1511-100  15 13 44.893444  -10 12 00.264350 0 0 2000 UNKNOWN 0 Sherry
1513-102  15 13 44.893444  -10 12 00.264350 0 0 2000 UNKNOWN 0 Sherry
1519-273  15 22 37.675991  -27 30 10.785430 0 0 2000 UNKNOWN 0 Sherry
1522-275  15 22 37.675991  -27 30 10.785430 0 0 2000 UNKNOWN 0 Sherry
1555+001  15 57 51.433973  -00 01 50.413710 0 0 2000 UNKNOWN 0 Sherry
1557-000  15 57 51.433973  -00 01 50.413710 0 0 2000 UNKNOWN 0 Sherry
1600-445  16 04 31.024731  -44 41 31.909238 0 0 2000 UNKNOWN 0 Sherry
1604-446  16 04 31.024731  -44 41 31.909238 0 0 2000 UNKNOWN 0 Sherry
1742-289  17 45 40.0383    -29 00 28.069    0 0 2000 UNKNOWN 0 Sherry+
1745-290  17 45 40.0383    -29 00 28.069    0 0 2000 UNKNOWN 0 Sherry+
1759-396  18 02 42.669     -39 40 07.97     0 0 2000 UNKNOWN 0 Sherry
1802-396  18 02 42.669     -39 40 07.97     0 0 2000 UNKNOWN 0 Sherry
1920-211  19 23 32.189815  -21 04 33.333080 0 0 2000 UNKNOWN 0 Sherry
1923-210  19 23 32.189815  -21 04 33.333080 0 0 2000 UNKNOWN 0 Sherry
1933-400  19 37 16.217362  -39 58 01.553060 0 0 2000 UNKNOWN 0 Sherry
1937-399  19 37 16.217362  -39 58 01.553060 0 0 2000 UNKNOWN 0 Sherry
1954-388  19 57 59.819271  -38 45 06.356260 0 0 2000 UNKNOWN 0 Sherry
1957-387  19 57 59.819271  -38 45 06.356260 0 0 2000 UNKNOWN 0 Sherry
2052-474  20 56 16.40      -47 14 47.80     0 0 2000 UNKNOWN 0 Sherry
2056-472  20 56 16.40      -47 14 47.80     0 0 2000 UNKNOWN 0 Sherry
2203-188  22 06 10.417082  -18 35 38.746520 0 0 2000 UNKNOWN 0 Sherry
2206-185  22 06 10.417082  -18 35 38.746520 0 0 2000 UNKNOWN 0 Sherry
2240-260  22 43 26.408781  -25 44 30.687300 0 0 2000 UNKNOWN 0 Sherry+
2243-257  22 43 26.408781  -25 44 30.687300 0 0 2000 UNKNOWN 0 Sherry+
2245-328  22 48 38.685732  -32 35 52.187830 0 0 2000 UNKNOWN 0 Sherry
2248-325  22 48 38.685732  -32 35 52.187830 0 0 2000 UNKNOWN 0 Sherry
2329-162  23 31 38.652436  -15 56 57.009520 0 0 2000 UNKNOWN 0 Sherry
2331-159  23 31 38.652436  -15 56 57.009520 0 0 2000 UNKNOWN 0 Sherry
2335-027  23 37 57.339089  -02 30 57.629370 0 0 2000 UNKNOWN 0 Sherry
2337-025  23 37 57.339089  -02 30 57.629370 0 0 2000 UNKNOWN 0 Sherry
2355-106  23 58 10.882409  -10 20 08.611260 0 0 2000 UNKNOWN 0 Sherry
2358-103  23 58 10.882409  -10 20 08.611260 0 0 2000 UNKNOWN 0 Sherry
0957+533 09 57 38.1849 +55 22 57.7690 0 0 2000 UNKNOWN 0 UNKNOWN
0954+556 09 57 38.1849 +55 22 57.7690 0 0 2000 UNKNOWN 0 UNKNOWN
1357+193 13 57 04.4366 +19 19 07.3720 0 0 2000 UNKNOWN 0 UNKNOWN
1354+195 13 57 04.4366 +19 19 07.3720 0 0 2000 UNKNOWN 0 UNKNOWN
2235-485 22 35 13.237  	-48 35 58.79 0 0 2000 UNKNOWN 0 atca
2232-488 22 35 13.237  	-48 35 58.79 0 0 2000 UNKNOWN 0 atca
g589     18 00 30.320   -24 04 00.48 0 0 2000 VLSR 9.4 ram
w3h2o    02 27 03.870    61 52 24.60 0 0 2000 VLSR 0.0 ram
orkl     05 35 14.500   -05 22 30.45 0 0 2000 VLSR 8.9 ram 
b1c      03 33 17.878   +31 09 31.98 0 0 2000 VLSR 6.35 ram
gl490 03 23 39.2200 +58 36 35.6000 0 0 1950 UNKNOWN 0 JCMT
orikl3   05 35 14.47    -05 22 33.60 0 0 2000 VLSR 8.0 ram 
g34 18 50 46.1700 +01 11 12.6000 0.0 0.0 1950 UNKNOWN 0.0 Orrery
g34_3 18 53 18.6400 +01 14 57.6300 0 0 2000 UNKNOWN 0 Gurwell/JCMT
mwc349 20 32 45.5284 +40 39 36.6230 0 0 2000 UNKNOWN 0 TafoyaEtAl2007
0541-056 05 41 38.0833 -05 41 49.4280 0 0 2000 UNKNOWN 0 Gurwell
ni4b     03 29 12.00   +31 13 08.00 0 0 2000 VLSR 7.0 ram
g3079fi10 18 47 46.7 -01 54 29.1 0 0 2000 UNKNOWN 98.8 tks-ram-polar
i20126 20 14 26.04 +41 13 32.60 0 0 2000 UNKNOWN -3.5 tks-ram-pol
mwc349a 20 32 45.54 +40 39 36.611 0 0 2000 UNKNOWN 0 tks-polar
I19220 19 24 19.7000 +14 38 03.0000 0.0 0.0 2000 VLSR 64.0 UNKNOWN
vla1623 16 26 26.35 -24 24 30.0 0 0 2000 UNKNOWN 3.6 Looney2000
serp15 18 29 08.5 +00 31 30.5 0 0 2000 UNKNOWN 0 UNKNOWN
g3141 18 47 34.32 -01 12 45.9 0 0 2000 UNKNOWN 96.9 jmg
ophasm1 16 26 27.6 -24 23 55.0 0 0 2000 UNKNOWN 3.6 UNKNOWN
w3oh 02 27 03.87 +61 52 24.6 0 0 2000 UNKNOWN -50 vivien
M33GMC1 01 34 09.30 +30 49 07.0 0 0 2000 VLSR -245 dpm
M33GMC2 01 33 41.00 +30 39 14.0 0 0 2000 VLSR -166 dpm
omc1s  05 35 14.170   -05 23 55.45 0 0 2000 VLSR 8.9 ram
omc1n    05 35 17.500   -05 19 12.45 0 0 2000 VLSR 8.9 ram
MMS6 05 35 23.4900 -05 01 32.2000 0 0 2000 UNKNOWN 6 ywt
n2024fir5 05 41 44.25 -01 55 40.8 0 0 2000 UNKNOWN 12 jmg
n2024fir3 05 41 42.99 -01 54 23.8 0 0 2000 UNKNOWN 12 UNKNOWN
testSource 20 21 22.3450 -13 14 15.6780 0 0 2000 UNKNOWN 0 UNKNOWN
n6334in 17 20 54.63 -35 45 08.5 0 0 2000 UNKNOWN -3.3 hli
ngc4818 12 56 48.7000 -08 31 25.0000 0 0 2000 UNKNOWN 1050.0 KomugiEtAl2008arXiv_0805.4048
0909+013 09 09 10.0915 +01 21 35.6170 0 0 2000 0 0 VLA-VLBA
0839+010 08 39 49.6109 +01 04 26.7350 0 0 2000 0 0 VLA-VLBA
1038-5311 10 38 40.5600 -53 11 42.9000 0 0 2000 UNKNOWN 0 SIMBAD
1006-5018 10 06 14.0090 -50 18 13.4690 0 0 2000 UNKNOWN 0 SIMBAD
1041-4739 10 41 44.7100 -47 40 00.0000 0 0 2000 UNKNOWN 0 SIMBAD
1107-4449 11 07 08.689 -44 49 07.8360 0 0 2000 UNKNOWN 0 SIMBAD
ic1396a1 21 37 05.0400 +57 30 56.4000 0.0 0.0 2000 VLSR -7.9 SiciliaAguilarEtAl
2151-304 21 51 55.5240 -30 27 53.6980 0.0 0.0 2000 UNKNOWN 0 Gurwell
2158-302 21 58 52.0650 -30 13 32.1180 0 0 2000 UNKNOWN 0 Gurwell
OJ287        08 54 48.8749 +20 06 30.6408 0 0 2000 UNKNOWN 0 EHT
CTA102       22 32 36.4089 +11 43 50.9039 0 0 2000 UNKNOWN 0 EHT
J0132-1654   01 32 43.4874 -16 54 48.5219 0 0 2000 UNKNOWN 0 EHT
J0006-0623   00 06 13.8928 -06 23 35.3354 0 0 2000 UNKNOWN 0 EHT
J1733-1304   17 33 02.7057 -13 04 49.5484 0 0 2000 UNKNOWN 0 EHT
J1924-2914   19 24 51.0559 -29 14 30.1211 0 0 2000 UNKNOWN 0 EHT
NGC1052      02 41 04.7985 -08 15 20.7517 0 0 2000 UNKNOWN 0 EHT
1749+096     17 51 32.8185 +09 39 00.7282 0 0 2000 UNKNOWN 0 EHT
SGRA         17 45 40.0409 -29 00 28.1180 0 0 2000 UNKNOWN 0 EHT
crl2688 21 02 18.2700 +36 41 37.0000 0.0 0.0 2000 VLSR 0.0 SIMBAD
ngc7027 21 07 01.8000 +42 14 10.000 0 0 2000 VLSR 0 SIMBAD
1033+608 10 33 51.4289 +60 51 07.334 0 0 2000 UNKNOWN 0 SMAOC
